t (s)	y (m)
0	0,5
0,02	0,517992
0,04	0,535968
0,06	0,553928
0,08	0,571872
0,1	0,5898
0,12	0,607712
0,14	0,625608
0,16	0,643488
0,18	0,661352
0,2	0,6792
0,22	0,697032
0,24	0,714848
0,26	0,732648
0,28	0,750432
0,3	0,7682
0,32	0,785952
0,34	0,803688
0,36	0,821408
0,38	0,839112
0,4	0,8568
0,42	0,874472
0,44	0,892128
0,46	0,909768
0,48	0,927392
0,5	0,945
0,52	0,962592
0,54	0,980168
0,56	0,997728
0,58	1,015272
0,6	1,0328
0,62	1,050312
0,64	1,067808
0,66	1,085288
0,68	1,102752
0,7	1,1202
0,72	1,137632
0,74	1,155048
0,76	1,172448
0,78	1,189832
0,8	1,2072
0,82	1,224552
0,84	1,241888
0,86	1,259208
0,88	1,276512
0,9	1,2938
0,92	1,311072
0,94	1,328328
0,96	1,345568
0,98	1,362792
1	1,38
1,02	1,397192
1,04	1,414368
1,06	1,431528
1,08	1,448672
1,1	1,4658
1,12	1,482912
1,14	1,500008
1,16	1,517088
1,18	1,534152
1,2	1,5512
1,22	1,568232
1,24	1,585248
1,26	1,602248
1,28	1,619232
1,3	1,6362
1,32	1,653152
1,34	1,670088
1,36	1,687008
1,38	1,703912
1,4	1,7208
1,42	1,737672
1,44	1,754528
1,46	1,771368
1,48	1,788192
1,5	1,805
1,52	1,821792
1,54	1,838568
1,56	1,855328
1,58	1,872072
1,6	1,8888
1,62	1,905512
1,64	1,922208
1,66	1,938888
1,68	1,955552
1,7	1,9722
1,72	1,988832
1,74	2,005448
1,76	2,022048
1,78	2,038632
1,8	2,0552
1,82	2,071752
1,84	2,088288
1,86	2,104808
1,88	2,121312
1,9	2,1378
1,92	2,154272
1,94	2,170728
1,96	2,187168
1,98	2,203592
2	2,22
2,02	2,236392
2,04	2,252768
2,06	2,269128
2,08	2,285472
2,1	2,3018
2,12	2,318112
2,14	2,334408
2,16	2,350688
2,18	2,366952
2,2	2,3832
2,22	2,399432
2,24	2,415648
2,26	2,431848
2,28	2,448032
2,3	2,4642
2,32	2,480352
2,34	2,496488
2,36	2,512608
2,38	2,528712
2,4	2,5448
2,42	2,560872
2,44	2,576928
2,46	2,592968
2,48	2,608992
2,5	2,625
2,52	2,640992
2,54	2,656968
2,56	2,672928
2,58	2,688872
2,6	2,7048
2,62	2,720712
2,64	2,736608
2,66	2,752488
2,68	2,768352
2,7	2,7842
2,72	2,800032
2,74	2,815848
2,76	2,831648
2,78	2,847432
2,8	2,8632
2,82	2,878952
2,84	2,894688
2,86	2,910408
2,88	2,926112
2,9	2,9418
2,92	2,957472
2,94	2,973128
2,96	2,988768
2,98	3,004392
3	3,02
3,02	3,035592
3,04	3,051168
3,06	3,066728
3,08	3,082272
3,1	3,0978
3,12	3,113312
3,14	3,128808
3,16	3,144288
3,18	3,159752
3,2	3,1752
3,22	3,190632
3,24	3,206048
3,26	3,221448
3,28	3,236832
3,3	3,2522
3,32	3,267552
3,34	3,282888
3,36	3,298208
3,38	3,313512
3,4	3,3288
3,42	3,344072
3,44	3,359328
3,46	3,374568
3,48	3,389792
3,5	3,405
3,52	3,420192
3,54	3,435368
3,56	3,450528
3,58	3,465672
3,6	3,4808
3,62	3,495912
3,64	3,511008
3,66	3,526088
3,68	3,541152
3,7	3,5562
3,72	3,571232
3,74	3,586248
3,76	3,601248
3,78	3,616232
3,8	3,6312
3,82	3,646152
3,84	3,661088
3,86	3,676008
3,88	3,690912
3,9	3,7058
3,92	3,720672
3,94	3,735528
3,96	3,750368
3,98	3,765192
4	3,78
4,02	3,794792
4,04	3,809568
4,06	3,824328
4,08	3,839072
4,1	3,8538
4,12	3,868512
4,14	3,883208
4,16	3,897888
4,18	3,912552
4,2	3,9272
4,22	3,941832
4,24	3,956448
4,26	3,971048
4,28	3,985632
4,3	4,0002
4,32	4,014752
4,34	4,029288
4,36	4,043808
4,38	4,058312
4,4	4,0728
4,42	4,087272
4,44	4,101728
4,46	4,116168
4,48	4,130592
4,5	4,145
4,52	4,159392
4,54	4,173768
4,56	4,188128
4,58	4,202472
4,6	4,2168
4,62	4,231112
4,64	4,245408
4,66	4,259688
4,68	4,273952
4,7	4,2882
4,72	4,302432
4,74	4,316648
4,76	4,330848
4,78	4,345032
4,8	4,3592
4,82	4,373352
4,84	4,387488
4,86	4,401608
4,88	4,415712
4,9	4,4298
4,92	4,443872
4,94	4,457928
4,96	4,471968
4,98	4,485992
5	4,5
5,02	4,513992
5,04	4,527968
5,06	4,541928
5,08	4,555872
5,1	4,5698
5,12	4,583712
5,14	4,597608
5,16	4,611488
5,18	4,625352
5,2	4,6392
5,22	4,653032
5,24	4,666848
5,26	4,680648
5,28	4,694432
5,3	4,7082
5,32	4,721952
5,34	4,735688
5,36	4,749408
5,38	4,763112
5,4	4,7768
5,42	4,790472
5,44	4,804128
5,46	4,817768
5,48	4,831392
5,5	4,845
5,52	4,858592
5,54	4,872168
5,56	4,885728
5,58	4,899272
5,6	4,9128
5,62	4,926312
5,64	4,939808
5,66	4,953288
5,68	4,966752
5,7	4,9802
5,72	4,993632
5,74	5,007048
5,76	5,020448
5,78	5,033832
5,8	5,0472
5,82	5,060552
5,84	5,073888
5,86	5,087208
5,88	5,100512
5,9	5,1138
5,92	5,127072
5,94	5,140328
5,96	5,153568
5,98	5,166792
6	5,18
6,02	5,193192
6,04	5,206368
6,06	5,219528
6,08	5,232672
6,1	5,2458
6,12	5,258912
6,14	5,272008
6,16	5,285088
6,18	5,298152
6,2	5,3112
6,22	5,324232
6,24	5,337248
6,26	5,350248
6,28	5,363232
6,3	5,3762
6,32	5,389152
6,34	5,402088
6,36	5,415008
6,38	5,427912
6,4	5,4408
6,42	5,453672
6,44	5,466528
6,46	5,479368
6,48	5,492192
6,5	5,505
6,52	5,517792
6,54	5,530568
6,56	5,543328
6,58	5,556072
6,6	5,5688
6,62	5,581512
6,64	5,594208
6,66	5,606888
6,68	5,619552
6,7	5,6322
6,72	5,644832
6,74	5,657448
6,76	5,670048
6,78	5,682632
6,8	5,6952
6,82	5,707752
6,84	5,720288
6,86	5,732808
6,88	5,745312
6,9	5,7578
6,92	5,770272
6,94	5,782728
6,96	5,795168
6,98	5,807592
7	5,82
7,02	5,832392
7,04	5,844768
7,06	5,857128
7,08	5,869472
7,1	5,8818
7,12	5,894112
7,14	5,906408
7,16	5,918688
7,18	5,930952
7,2	5,9432
7,22	5,955432
7,24	5,967648
7,26	5,979848
7,28	5,992032
7,3	6,0042
7,32	6,016352
7,34	6,028488
7,36	6,040608
7,38	6,052712
7,4	6,0648
7,42	6,076872
7,44	6,088928
7,46	6,100968
7,48	6,112992
7,5	6,125
7,52	6,136992
7,54	6,148968
7,56	6,160928
7,58	6,172872
7,6	6,1848
7,62	6,196712
7,64	6,208608
7,66	6,220488
7,68	6,232352
7,7	6,2442
7,72	6,256032
7,74	6,267848
7,76	6,279648
7,78	6,291432
7,8	6,3032
7,82	6,314952
7,84	6,326688
7,86	6,338408
7,88	6,350112
7,9	6,3618
7,92	6,373472
7,94	6,385128
7,96	6,396768
7,98	6,408392
8	6,42
8,02	6,431592
8,04	6,443168
8,06	6,454728
8,08	6,466272
8,1	6,4778
8,12	6,489312
8,14	6,500808
8,16	6,512288
8,18	6,523752
8,2	6,5352
8,22	6,546632
8,24	6,558048
8,26	6,569448
8,28	6,580832
8,3	6,5922
8,32	6,603552
8,34	6,614888
8,36	6,626208
8,38	6,637512
8,4	6,6488
8,42	6,660072
8,44	6,671328
8,46	6,682568
8,48	6,693792
8,5	6,705
8,52	6,716192
8,54	6,727368
8,56	6,738528
8,58	6,749672
8,6	6,7608
8,62	6,771912
8,64	6,783008
8,66	6,794088
8,68	6,805152
8,7	6,8162
8,72	6,827232
8,74	6,838248
8,76	6,849248
8,78	6,860232
8,8	6,8712
8,82	6,882152
8,84	6,893088
8,86	6,904008
8,88	6,914912
8,9	6,9258
8,92	6,936672
8,94	6,947528
8,96	6,958368
8,98	6,969192
9	6,98
9,02	6,990792
9,04	7,001568
9,06	7,012328
9,08	7,023072
9,1	7,0338
9,12	7,044512
9,14	7,055208
9,16	7,065888
9,18	7,076552
9,2	7,0872
9,22	7,097832
9,24	7,108448
9,26	7,119048
9,28	7,129632
9,3	7,1402
9,32	7,150752
9,34	7,161288
9,36	7,171808
9,38	7,182312
9,4	7,1928
9,42	7,203272
9,44	7,213728
9,46	7,224168
9,48	7,234592
9,5	7,245
9,52	7,255392
9,54	7,265768
9,56	7,276128
9,58	7,286472
9,6	7,2968
9,62	7,307112
9,64	7,317408
9,66	7,327688
9,68	7,337952
9,7	7,3482
9,72	7,358432
9,74	7,368648
9,76	7,378848
9,78	7,389032
9,8	7,3992
9,82	7,409352
9,84	7,419488
9,86	7,429608
9,88	7,439712
9,9	7,4498
9,92	7,459872
9,94	7,469928
9,96	7,479968
9,98	7,489992
10	7,5
10,02	7,509992
10,04	7,519968
10,06	7,529928
10,08	7,539872
10,1	7,5498
10,12	7,559712
10,14	7,569608
10,16	7,579488
10,18	7,589352
10,2	7,5992
10,22	7,609032
10,24	7,618848
10,26	7,628648
10,28	7,638432
10,3	7,6482
10,32	7,657952
10,34	7,667688
10,36	7,677408
10,38	7,687112
10,4	7,6968
10,42	7,706472
10,44	7,716128
10,46	7,725768
10,48	7,735392
10,5	7,745
10,52	7,754592
10,54	7,764168
10,56	7,773728
10,58	7,783272
10,6	7,7928
10,62	7,802312
10,64	7,811808
10,66	7,821288
10,68	7,830752
10,7	7,8402
10,72	7,849632
10,74	7,859048
10,76	7,868448
10,78	7,877832
10,8	7,8872
10,82	7,896552
10,84	7,905888
10,86	7,915208
10,88	7,924512
10,9	7,9338
10,92	7,943072
10,94	7,952328
10,96	7,961568
10,98	7,970792
11	7,98
11,02	7,989192
11,04	7,998368
11,06	8,007528
11,08	8,016672
11,1	8,0258
11,12	8,034912
11,14	8,044008
11,16	8,053088
11,18	8,062152
11,2	8,0712
11,22	8,080232
11,24	8,089248
11,26	8,098248
11,28	8,107232
11,3	8,1162
11,32	8,125152
11,34	8,134088
11,36	8,143008
11,38	8,151912
11,4	8,1608
11,42	8,169672
11,44	8,178528
11,46	8,187368
11,48	8,196192
11,5	8,205
11,52	8,213792
11,54	8,222568
11,56	8,231328
11,58	8,240072
11,6	8,2488
11,62	8,257512
11,64	8,266208
11,66	8,274888
11,68	8,283552
11,7	8,2922
11,72	8,300832
11,74	8,309448
11,76	8,318048
11,78	8,326632
11,8	8,3352
11,82	8,343752
11,84	8,352288
11,86	8,360808
11,88	8,369312
11,9	8,3778
11,92	8,386272
11,94	8,394728
11,96	8,403168
11,98	8,411592
12	8,42
12,02	8,428392
12,04	8,436768
12,06	8,445128
12,08	8,453472
12,1	8,4618
12,12	8,470112
12,14	8,478408
12,16	8,486688
12,18	8,494952
12,2	8,5032
12,22	8,511432
12,24	8,519648
12,26	8,527848
12,28	8,536032
12,3	8,5442
12,32	8,552352
12,34	8,560488
12,36	8,568608
12,38	8,576712
12,4	8,5848
12,42	8,592872
12,44	8,600928
12,46	8,608968
12,48	8,616992
12,5	8,625
12,52	8,632992
12,54	8,640968
12,56	8,648928
12,58	8,656872
12,6	8,6648
12,62	8,672712
12,64	8,680608
12,66	8,688488
12,68	8,696352
12,7	8,7042
12,72	8,712032
12,74	8,719848
12,76	8,727648
12,78	8,735432
12,8	8,7432
12,82	8,750952
12,84	8,758688
12,86	8,766408
12,88	8,774112
12,9	8,7818
12,92	8,789472
12,94	8,797128
12,96	8,804768
12,98	8,812392
13	8,82
13,02	8,827592
13,04	8,835168
13,06	8,842728
13,08	8,850272
13,1	8,8578
13,12	8,865312
13,14	8,872808
13,16	8,880288
13,18	8,887752
13,2	8,8952
13,22	8,902632
13,24	8,910048
13,26	8,917448
13,28	8,924832
13,3	8,9322
13,32	8,939552
13,34	8,946888
13,36	8,954208
13,38	8,961512
13,4	8,9688
13,42	8,976072
13,44	8,983328
13,46	8,990568
13,48	8,997792
13,5	9,005
13,52	9,012192
13,54	9,019368
13,56	9,026528
13,58	9,033672
13,6	9,0408
13,62	9,047912
13,64	9,055008
13,66	9,062088
13,68	9,069152
13,7	9,0762
13,72	9,083232
13,74	9,090248
13,76	9,097248
13,78	9,104232
13,8	9,1112
13,82	9,118152
13,84	9,125088
13,86	9,132008
13,88	9,138912
13,9	9,1458
13,92	9,152672
13,94	9,159528
13,96	9,166368
13,98	9,173192
14	9,18
14,02	9,186792
14,04	9,193568
14,06	9,200328
14,08	9,207072
14,1	9,2138
14,12	9,220512
14,14	9,227208
14,16	9,233888
14,18	9,240552
14,2	9,2472
14,22	9,253832
14,24	9,260448
14,26	9,267048
14,28	9,273632
14,3	9,2802
14,32	9,286752
14,34	9,293288
14,36	9,299808
14,38	9,306312
14,4	9,3128
14,42	9,319272
14,44	9,325728
14,46	9,332168
14,48	9,338592
14,5	9,345
14,52	9,351392
14,54	9,357768
14,56	9,364128
14,58	9,370472
14,6	9,3768
14,62	9,383112
14,64	9,389408
14,66	9,395688
14,68	9,401952
14,7	9,4082
14,72	9,414432
14,74	9,420648
14,76	9,426848
14,78	9,433032
14,8	9,4392
14,82	9,445352
14,84	9,451488
14,86	9,457608
14,88	9,463712
14,9	9,4698
14,92	9,475872
14,94	9,481928
14,96	9,487968
14,98	9,493992
15	9,5
15,02	9,505992
15,04	9,511968
15,06	9,517928
15,08	9,523872
15,1	9,5298
15,12	9,535712
15,14	9,541608
15,16	9,547488
15,18	9,553352
15,2	9,5592
15,22	9,565032
15,24	9,570848
15,26	9,576648
15,28	9,582432
15,3	9,5882
15,32	9,593952
15,34	9,599688
15,36	9,605408
15,38	9,611112
15,4	9,6168
15,42	9,622472
15,44	9,628128
15,46	9,633768
15,48	9,639392
15,5	9,645
15,52	9,650592
15,54	9,656168
15,56	9,661728
15,58	9,667272
15,6	9,6728
15,62	9,678312
15,64	9,683808
15,66	9,689288
15,68	9,694752
15,7	9,7002
15,72	9,705632
15,74	9,711048
15,76	9,716448
15,78	9,721832
15,8	9,7272
15,82	9,732552
15,84	9,737888
15,86	9,743208
15,88	9,748512
15,9	9,7538
15,92	9,759072
15,94	9,764328
15,96	9,769568
15,98	9,774792
16	9,78
16,02	9,785192
16,04	9,790368
16,06	9,795528
16,08	9,800672
16,1	9,8058
16,12	9,810912
16,14	9,816008
16,16	9,821088
16,18	9,826152
16,2	9,8312
16,22	9,836232
16,24	9,841248
16,26	9,846248
16,28	9,851232
16,3	9,8562
16,32	9,861152
16,34	9,866088
16,36	9,871008
16,38	9,875912
16,4	9,8808
16,42	9,885672
16,44	9,890528
16,46	9,895368
16,48	9,900192
16,5	9,905
16,52	9,909792
16,54	9,914568
16,56	9,919328
16,58	9,924072
16,6	9,9288
16,62	9,933512
16,64	9,938208
16,66	9,942888
16,68	9,947552
16,7	9,9522
16,72	9,956832
16,74	9,961448
16,76	9,966048
16,78	9,970632
16,8	9,9752
16,82	9,979752
16,84	9,984288
16,86	9,988808
16,88	9,993312
16,9	9,9978
16,92	10,002272
16,94	10,006728
16,96	10,011168
16,98	10,015592
17	10,02
17,02	10,024392
17,04	10,028768
17,06	10,033128
17,08	10,037472
17,1	10,0418
17,12	10,046112
17,14	10,050408
17,16	10,054688
17,18	10,058952
17,2	10,0632
17,22	10,067432
17,24	10,071648
17,26	10,075848
17,28	10,080032
17,3	10,0842
17,32	10,088352
17,34	10,092488
17,36	10,096608
17,38	10,100712
17,4	10,1048
17,42	10,108872
17,44	10,112928
17,46	10,116968
17,48	10,120992
17,5	10,125
17,52	10,128992
17,54	10,132968
17,56	10,136928
17,58	10,140872
17,6	10,1448
17,62	10,148712
17,64	10,152608
17,66	10,156488
17,68	10,160352
17,7	10,1642
17,72	10,168032
17,74	10,171848
17,76	10,175648
17,78	10,179432
17,8	10,1832
17,82	10,186952
17,84	10,190688
17,86	10,194408
17,88	10,198112
17,9	10,2018
17,92	10,205472
17,94	10,209128
17,96	10,212768
17,98	10,216392
18	10,22
18,02	10,223592
18,04	10,227168
18,06	10,230728
18,08	10,234272
18,1	10,2378
18,12	10,241312
18,14	10,244808
18,16	10,248288
18,18	10,251752
18,2	10,2552
18,22	10,258632
18,24	10,262048
18,26	10,265448
18,28	10,268832
18,3	10,2722
18,32	10,275552
18,34	10,278888
18,36	10,282208
18,38	10,285512
18,4	10,2888
18,42	10,292072
18,44	10,295328
18,46	10,298568
18,48	10,301792
18,5	10,305
18,52	10,308192
18,54	10,311368
18,56	10,314528
18,58	10,317672
18,6	10,3208
18,62	10,323912
18,64	10,327008
18,66	10,330088
18,68	10,333152
18,7	10,3362
18,72	10,339232
18,74	10,342248
18,76	10,345248
18,78	10,348232
18,8	10,3512
18,82	10,354152
18,84	10,357088
18,86	10,360008
18,88	10,362912
18,9	10,3658
18,92	10,368672
18,94	10,371528
18,96	10,374368
18,98	10,377192
19	10,38
19,02	10,382792
19,04	10,385568
19,06	10,388328
19,08	10,391072
19,1	10,3938
19,12	10,396512
19,14	10,399208
19,16	10,401888
19,18	10,404552
19,2	10,4072
19,22	10,409832
19,24	10,412448
19,26	10,415048
19,28	10,417632
19,3	10,4202
19,32	10,422752
19,34	10,425288
19,36	10,427808
19,38	10,430312
19,4	10,4328
19,42	10,435272
19,44	10,437728
19,46	10,440168
19,48	10,442592
19,5	10,445
19,52	10,447392
19,54	10,449768
19,56	10,452128
19,58	10,454472
19,6	10,4568
19,62	10,459112
19,64	10,461408
19,66	10,463688
19,68	10,465952
19,7	10,4682
19,72	10,470432
19,74	10,472648
19,76	10,474848
19,78	10,477032
19,8	10,4792
19,82	10,481352
19,84	10,483488
19,86	10,485608
19,88	10,487712
19,9	10,4898
19,92	10,491872
19,94	10,493928
19,96	10,495968
19,98	10,497992
20	10,5
