t (s)	x (m)
0	1
0,02	1,01000004
0,04	1,02000032
0,06	1,03000108
0,08	1,04000256
0,1	1,050005
0,12	1,06000864
0,14	1,07001372
0,16	1,08002048
0,18	1,09002916
0,2	1,10004
0,22	1,11005324
0,24	1,12006912
0,26	1,13008788
0,28	1,14010976
0,3	1,150135
0,32	1,16016384
0,34	1,17019652
0,36	1,18023328
0,38	1,19027436
0,4	1,20032
0,42	1,21037044
0,44	1,22042592
0,46	1,23048668
0,48	1,24055296
0,5	1,250625
0,52	1,26070304
0,54	1,27078732
0,56	1,28087808
0,58	1,29097556
0,6	1,30108
0,62	1,31119164
0,64	1,32131072
0,66	1,33143748
0,68	1,34157216
0,7	1,351715
0,72	1,36186624
0,74	1,37202612
0,76	1,38219488
0,78	1,39237276
0,8	1,40256
0,82	1,41275684
0,84	1,42296352
0,86	1,43318028
0,88	1,44340736
0,9	1,453645
0,92	1,46389344
0,94	1,47415292
0,96	1,48442368
0,98	1,49470596
1	1,505
1,02	1,51530604
1,04	1,52562432
1,06	1,53595508
1,08	1,54629856
1,1	1,556655
1,12	1,56702464
1,14	1,57740772
1,16	1,58780448
1,18	1,59821516
1,2	1,60864
1,22	1,61907924
1,24	1,62953312
1,26	1,64000188
1,28	1,65048576
1,3	1,660985
1,32	1,67149984
1,34	1,68203052
1,36	1,69257728
1,38	1,70314036
1,4	1,71372
1,42	1,72431644
1,44	1,73492992
1,46	1,74556068
1,48	1,75620896
1,5	1,766875
1,52	1,77755904
1,54	1,78826132
1,56	1,79898208
1,58	1,80972156
1,6	1,82048
1,62	1,83125764
1,64	1,84205472
1,66	1,85287148
1,68	1,86370816
1,7	1,874565
1,72	1,88544224
1,74	1,89634012
1,76	1,90725888
1,78	1,91819876
1,8	1,92916
1,82	1,94014284
1,84	1,95114752
1,86	1,96217428
1,88	1,97322336
1,9	1,984295
1,92	1,99538944
1,94	2,00650692
1,96	2,01764768
1,98	2,02881196
2	2,04
2,02	2,05121204
2,04	2,06244832
2,06	2,07370908
2,08	2,08499456
2,1	2,096305
2,12	2,10764064
2,14	2,11900172
2,16	2,13038848
2,18	2,14180116
2,2	2,15324
2,22	2,16470524
2,24	2,17619712
2,26	2,18771588
2,28	2,19926176
2,3	2,210835
2,32	2,22243584
2,34	2,23406452
2,36	2,24572128
2,38	2,25740636
2,4	2,26912
2,42	2,28086244
2,44	2,29263392
2,46	2,30443468
2,48	2,31626496
2,5	2,328125
2,52	2,34001504
2,54	2,35193532
2,56	2,36388608
2,58	2,37586756
2,6	2,38788
2,62	2,39992364
2,64	2,41199872
2,66	2,42410548
2,68	2,43624416
2,7	2,448415
2,72	2,46061824
2,74	2,47285412
2,76	2,48512288
2,78	2,49742476
2,8	2,50976
2,82	2,52212884
2,84	2,53453152
2,86	2,54696828
2,88	2,55943936
2,9	2,571945
2,92	2,58448544
2,94	2,59706092
2,96	2,60967168
2,98	2,62231796
3	2,635
3,02	2,64771804
3,04	2,66047232
3,06	2,67326308
3,08	2,68609056
3,1	2,698955
3,12	2,71185664
3,14	2,72479572
3,16	2,73777248
3,18	2,75078716
3,2	2,76384
3,22	2,77693124
3,24	2,79006112
3,26	2,80322988
3,28	2,81643776
3,3	2,829685
3,32	2,84297184
3,34	2,85629852
3,36	2,86966528
3,38	2,88307236
3,4	2,89652
3,42	2,91000844
3,44	2,92353792
3,46	2,93710868
3,48	2,95072096
3,5	2,964375
3,52	2,97807104
3,54	2,99180932
3,56	3,00559008
3,58	3,01941356
3,6	3,03328
3,62	3,04718964
3,64	3,06114272
3,66	3,07513948
3,68	3,08918016
3,7	3,103265
3,72	3,11739424
3,74	3,13156812
3,76	3,14578688
3,78	3,16005076
3,8	3,17436
3,82	3,18871484
3,84	3,20311552
3,86	3,21756228
3,88	3,23205536
3,9	3,246595
3,92	3,26118144
3,94	3,27581492
3,96	3,29049568
3,98	3,30522396
4	3,32
4,02	3,33482404
4,04	3,34969632
4,06	3,36461708
4,08	3,37958656
4,1	3,394605
4,12	3,40967264
4,14	3,42478972
4,16	3,43995648
4,18	3,45517316
4,2	3,47044
4,22	3,48575724
4,24	3,50112512
4,26	3,51654388
4,28	3,53201376
4,3	3,547535
4,32	3,56310784
4,34	3,57873252
4,36	3,59440928
4,38	3,61013836
4,4	3,62592
4,42	3,64175444
4,44	3,65764192
4,46	3,67358268
4,48	3,68957696
4,5	3,705625
4,52	3,72172704
4,54	3,73788332
4,56	3,75409408
4,58	3,77035956
4,6	3,78668
4,62	3,80305564
4,64	3,81948672
4,66	3,83597348
4,68	3,85251616
4,7	3,869115
4,72	3,88577024
4,74	3,90248212
4,76	3,91925088
4,78	3,93607676
4,8	3,95296
4,82	3,96990084
4,84	3,98689952
4,86	4,00395628
4,88	4,02107136
4,9	4,038245
4,92	4,05547744
4,94	4,07276892
4,96	4,09011968
4,98	4,10752996
5	4,125
5,02	4,14253004
5,04	4,16012032
5,06	4,17777108
5,08	4,19548256
5,1	4,213255
5,12	4,23108864
5,14	4,24898372
5,16	4,26694048
5,18	4,28495916
5,2	4,30304
5,22	4,32118324
5,24	4,33938912
5,26	4,35765788
5,28	4,37598976
5,3	4,394385
5,32	4,41284384
5,34	4,43136652
5,36	4,44995328
5,38	4,46860436
5,4	4,48732
5,42	4,50610044
5,44	4,52494592
5,46	4,54385668
5,48	4,56283296
5,5	4,581875
5,52	4,60098304
5,54	4,62015732
5,56	4,63939808
5,58	4,65870556
5,6	4,67808
5,62	4,69752164
5,64	4,71703072
5,66	4,73660748
5,68	4,75625216
5,7	4,775965
5,72	4,79574624
5,74	4,81559612
5,76	4,83551488
5,78	4,85550276
5,8	4,87556
5,82	4,89568684
5,84	4,91588352
5,86	4,93615028
5,88	4,95648736
5,9	4,976895
5,92	4,99737344
5,94	5,01792292
5,96	5,03854368
5,98	5,05923596
6	5,08
6,02	5,10083604
6,04	5,12174432
6,06	5,14272508
6,08	5,16377856
6,1	5,184905
6,12	5,20610464
6,14	5,22737772
6,16	5,24872448
6,18	5,27014516
6,2	5,29164
6,22	5,31320924
6,24	5,33485312
6,26	5,35657188
6,28	5,37836576
6,3	5,400235
6,32	5,42217984
6,34	5,44420052
6,36	5,46629728
6,38	5,48847036
6,4	5,51072
6,42	5,53304644
6,44	5,55544992
6,46	5,57793068
6,48	5,60048896
6,5	5,623125
6,52	5,64583904
6,54	5,66863132
6,56	5,69150208
6,58	5,71445156
6,6	5,73748
6,62	5,76058764
6,64	5,78377472
6,66	5,80704148
6,68	5,83038816
6,7	5,853815
6,72	5,87732224
6,74	5,90091012
6,76	5,92457888
6,78	5,94832876
6,8	5,97216
6,82	5,99607284
6,84	6,02006752
6,86	6,04414428
6,88	6,06830336
6,9	6,092545
6,92	6,11686944
6,94	6,14127692
6,96	6,16576768
6,98	6,19034196
7	6,215
7,02	6,23974204
7,04	6,26456832
7,06	6,28947908
7,08	6,31447456
7,1	6,339555
7,12	6,36472064
7,14	6,38997172
7,16	6,41530848
7,18	6,44073116
7,2	6,46624
7,22	6,49183524
7,24	6,51751712
7,26	6,54328588
7,28	6,56914176
7,3	6,595085
7,32	6,62111584
7,34	6,64723452
7,36	6,67344128
7,38	6,69973636
7,4	6,72612
7,42	6,75259244
7,44	6,77915392
7,46	6,80580468
7,48	6,83254496
7,5	6,859375
7,52	6,88629504
7,54	6,91330532
7,56	6,94040608
7,58	6,96759756
7,6	6,99488
7,62	7,02225364
7,64	7,04971872
7,66	7,07727548
7,68	7,10492416
7,7	7,132665
7,72	7,16049824
7,74	7,18842412
7,76	7,21644288
7,78	7,24455476
7,8	7,27276
7,82	7,30105884
7,84	7,32945152
7,86	7,35793828
7,88	7,38651936
7,9	7,415195
7,92	7,44396544
7,94	7,47283092
7,96	7,50179168
7,98	7,53084796
8	7,56
8,02	7,58924804
8,04	7,61859232
8,06	7,64803308
8,08	7,67757056
8,1	7,707205
8,12	7,73693664
8,14	7,76676572
8,16	7,79669248
8,18	7,82671716
8,2	7,85684
8,22	7,88706124
8,24	7,91738112
8,26	7,94779988
8,28	7,97831776
8,3	8,008935
8,32	8,03965184
8,34	8,07046852
8,36	8,10138528
8,38	8,13240236
8,4	8,16352
8,42	8,19473844
8,44	8,22605792
8,46	8,25747868
8,48	8,28900096
8,5	8,320625
8,52	8,35235104
8,54	8,38417932
8,56	8,41611008
8,58	8,44814356
8,6	8,48028
8,62	8,51251964
8,64	8,54486272
8,66	8,57730948
8,68	8,60986016
8,7	8,642515
8,72	8,67527424
8,74	8,70813812
8,76	8,74110688
8,78	8,77418076
8,8	8,80736
8,82	8,84064484
8,84	8,87403552
8,86	8,90753228
8,88	8,94113536
8,9	8,974845
8,92	9,00866144
8,94	9,04258492
8,96	9,07661568
8,98	9,11075396
9	9,145
9,02	9,17935404
9,04	9,21381632
9,06	9,24838708
9,08	9,28306656
9,1	9,317855
9,12	9,35275264
9,14	9,38775972
9,16	9,42287648
9,18	9,45810316
9,2	9,49344
9,22	9,52888724
9,24	9,56444512
9,26	9,60011388
9,28	9,63589376
9,3	9,671785
9,32	9,70778784
9,34	9,74390252
9,36	9,78012928
9,38	9,81646836
9,4	9,85292
9,42	9,88948444
9,44	9,92616192
9,46	9,96295268
9,48	9,99985696
9,5	10,036875
9,52	10,07400704
9,54	10,11125332
9,56	10,14861408
9,58	10,18608956
9,6	10,22368
9,62	10,26138564
9,64	10,29920672
9,66	10,33714348
9,68	10,37519616
9,7	10,413365
9,72	10,45165024
9,74	10,49005212
9,76	10,52857088
9,78	10,56720676
9,8	10,60596
9,82	10,64483084
9,84	10,68381952
9,86	10,72292628
9,88	10,76215136
9,9	10,801495
9,92	10,84095744
9,94	10,88053892
9,96	10,92023968
9,98	10,96005996
10	11
10,02	11,04006004
10,04	11,08024032
10,06	11,12054108
10,08	11,16096256
10,1	11,201505
10,12	11,24216864
10,14	11,28295372
10,16	11,32386048
10,18	11,36488916
10,2	11,40604
10,22	11,44731324
10,24	11,48870912
10,26	11,53022788
10,28	11,57186976
10,3	11,613635
10,32	11,65552384
10,34	11,69753652
10,36	11,73967328
10,38	11,78193436
10,4	11,82432
10,42	11,86683044
10,44	11,90946592
10,46	11,95222668
10,48	11,99511296
10,5	12,038125
10,52	12,08126304
10,54	12,12452732
10,56	12,16791808
10,58	12,21143556
10,6	12,25508
10,62	12,29885164
10,64	12,34275072
10,66	12,38677748
10,68	12,43093216
10,7	12,475215
10,72	12,51962624
10,74	12,56416612
10,76	12,60883488
10,78	12,65363276
10,8	12,69856
10,82	12,74361684
10,84	12,78880352
10,86	12,83412028
10,88	12,87956736
10,9	12,925145
10,92	12,97085344
10,94	13,01669292
10,96	13,06266368
10,98	13,10876596
11	13,155
11,02	13,20136604
11,04	13,24786432
11,06	13,29449508
11,08	13,34125856
11,1	13,388155
11,12	13,43518464
11,14	13,48234772
11,16	13,52964448
11,18	13,57707516
11,2	13,62464
11,22	13,67233924
11,24	13,72017312
11,26	13,76814188
11,28	13,81624576
11,3	13,864485
11,32	13,91285984
11,34	13,96137052
11,36	14,01001728
11,38	14,05880036
11,4	14,10772
11,42	14,15677644
11,44	14,20596992
11,46	14,25530068
11,48	14,30476896
11,5	14,354375
11,52	14,40411904
11,54	14,45400132
11,56	14,50402208
11,58	14,55418156
11,6	14,60448
11,62	14,65491764
11,64	14,70549472
11,66	14,75621148
11,68	14,80706816
11,7	14,858065
11,72	14,90920224
11,74	14,96048012
11,76	15,01189888
11,78	15,06345876
11,8	15,11516
11,82	15,16700284
11,84	15,21898752
11,86	15,27111428
11,88	15,32338336
11,9	15,375795
11,92	15,42834944
11,94	15,48104692
11,96	15,53388768
11,98	15,58687196
12	15,64
12,02	15,69327204
12,04	15,74668832
12,06	15,80024908
12,08	15,85395456
12,1	15,907805
12,12	15,96180064
12,14	16,01594172
12,16	16,07022848
12,18	16,12466116
12,2	16,17924
12,22	16,23396524
12,24	16,28883712
12,26	16,34385588
12,28	16,39902176
12,3	16,454335
12,32	16,50979584
12,34	16,56540452
12,36	16,62116128
12,38	16,67706636
12,4	16,73312
12,42	16,78932244
12,44	16,84567392
12,46	16,90217468
12,48	16,95882496
12,5	17,015625
12,52	17,07257504
12,54	17,12967532
12,56	17,18692608
12,58	17,24432756
12,6	17,30188
12,62	17,35958364
12,64	17,41743872
12,66	17,47544548
12,68	17,53360416
12,7	17,591915
12,72	17,65037824
12,74	17,70899412
12,76	17,76776288
12,78	17,82668476
12,8	17,88576
12,82	17,94498884
12,84	18,00437152
12,86	18,06390828
12,88	18,12359936
12,9	18,183445
12,92	18,24344544
12,94	18,30360092
12,96	18,36391168
12,98	18,42437796
13	18,485
13,02	18,54577804
13,04	18,60671232
13,06	18,66780308
13,08	18,72905056
13,1	18,790455
13,12	18,85201664
13,14	18,91373572
13,16	18,97561248
13,18	19,03764716
13,2	19,09984
13,22	19,16219124
13,24	19,22470112
13,26	19,28736988
13,28	19,35019776
13,3	19,413185
13,32	19,47633184
13,34	19,53963852
13,36	19,60310528
13,38	19,66673236
13,4	19,73052
13,42	19,79446844
13,44	19,85857792
13,46	19,92284868
13,48	19,98728096
13,5	20,051875
13,52	20,11663104
13,54	20,18154932
13,56	20,24663008
13,58	20,31187356
13,6	20,37728
13,62	20,44284964
13,64	20,50858272
13,66	20,57447948
13,68	20,64054016
13,7	20,706765
13,72	20,77315424
13,74	20,83970812
13,76	20,90642688
13,78	20,97331076
13,8	21,04036
13,82	21,10757484
13,84	21,17495552
13,86	21,24250228
13,88	21,31021536
13,9	21,378095
13,92	21,44614144
13,94	21,51435492
13,96	21,58273568
13,98	21,65128396
14	21,72
14,02	21,78888404
14,04	21,85793632
14,06	21,92715708
14,08	21,99654656
14,1	22,066105
14,12	22,13583264
14,14	22,20572972
14,16	22,27579648
14,18	22,34603316
14,2	22,41644
14,22	22,48701724
14,24	22,55776512
14,26	22,62868388
14,28	22,69977376
14,3	22,771035
14,32	22,84246784
14,34	22,91407252
14,36	22,98584928
14,38	23,05779836
14,4	23,12992
14,42	23,20221444
14,44	23,27468192
14,46	23,34732268
14,48	23,42013696
14,5	23,493125
14,52	23,56628704
14,54	23,63962332
14,56	23,71313408
14,58	23,78681956
14,6	23,86068
14,62	23,93471564
14,64	24,00892672
14,66	24,08331348
14,68	24,15787616
14,7	24,232615
14,72	24,30753024
14,74	24,38262212
14,76	24,45789088
14,78	24,53333676
14,8	24,60896
14,82	24,68476084
14,84	24,76073952
14,86	24,83689628
14,88	24,91323136
14,9	24,989745
14,92	25,06643744
14,94	25,14330892
14,96	25,22035968
14,98	25,29758996
15	25,375
15,02	25,45259004
15,04	25,53036032
15,06	25,60831108
15,08	25,68644256
15,1	25,764755
15,12	25,84324864
15,14	25,92192372
15,16	26,00078048
15,18	26,07981916
15,2	26,15904
15,22	26,23844324
15,24	26,31802912
15,26	26,39779788
15,28	26,47774976
15,3	26,557885
15,32	26,63820384
15,34	26,71870652
15,36	26,79939328
15,38	26,88026436
15,4	26,96132
15,42	27,04256044
15,44	27,12398592
15,46	27,20559668
15,48	27,28739296
15,5	27,369375
15,52	27,45154304
15,54	27,53389732
15,56	27,61643808
15,58	27,69916556
15,6	27,78208
15,62	27,86518164
15,64	27,94847072
15,66	28,03194748
15,68	28,11561216
15,7	28,199465
15,72	28,28350624
15,74	28,36773612
15,76	28,45215488
15,78	28,53676276
15,8	28,62156
15,82	28,70654684
15,84	28,79172352
15,86	28,87709028
15,88	28,96264736
15,9	29,048395
15,92	29,13433344
15,94	29,22046292
15,96	29,30678368
15,98	29,39329596
16	29,48
16,02	29,56689604
16,04	29,65398432
16,06	29,74126508
16,08	29,82873856
16,1	29,916405
16,12	30,00426464
16,14	30,09231772
16,16	30,18056448
16,18	30,26900516
16,2	30,35764
16,22	30,44646924
16,24	30,53549312
16,26	30,62471188
16,28	30,71412576
16,3	30,803735
16,32	30,89353984
16,34	30,98354052
16,36	31,07373728
16,38	31,16413036
16,4	31,25472
16,42	31,34550644
16,44	31,43648992
16,46	31,52767068
16,48	31,61904896
16,5	31,710625
16,52	31,80239904
16,54	31,89437132
16,56	31,98654208
16,58	32,07891156
16,6	32,17148
16,62	32,26424764
16,64	32,35721472
16,66	32,45038148
16,68	32,54374816
16,7	32,637315
16,72	32,73108224
16,74	32,82505012
16,76	32,91921888
16,78	33,01358876
16,8	33,10816
16,82	33,20293284
16,84	33,29790752
16,86	33,39308428
16,88	33,48846336
16,9	33,584045
16,92	33,67982944
16,94	33,77581692
16,96	33,87200768
16,98	33,96840196
17	34,065
17,02	34,16180204
17,04	34,25880832
17,06	34,35601908
17,08	34,45343456
17,1	34,551055
17,12	34,64888064
17,14	34,74691172
17,16	34,84514848
17,18	34,94359116
17,2	35,04224
17,22	35,14109524
17,24	35,24015712
17,26	35,33942588
17,28	35,43890176
17,3	35,538585
17,32	35,63847584
17,34	35,73857452
17,36	35,83888128
17,38	35,93939636
17,4	36,04012
17,42	36,14105244
17,44	36,24219392
17,46	36,34354468
17,48	36,44510496
17,5	36,546875
17,52	36,64885504
17,54	36,75104532
17,56	36,85344608
17,58	36,95605756
17,6	37,05888
17,62	37,16191364
17,64	37,26515872
17,66	37,36861548
17,68	37,47228416
17,7	37,576165
17,72	37,68025824
17,74	37,78456412
17,76	37,88908288
17,78	37,99381476
17,8	38,09876
17,82	38,20391884
17,84	38,30929152
17,86	38,41487828
17,88	38,52067936
17,9	38,626695
17,92	38,73292544
17,94	38,83937092
17,96	38,94603168
17,98	39,05290796
18	39,16
18,02	39,26730804
18,04	39,37483232
18,06	39,48257308
18,08	39,59053056
18,1	39,698705
18,12	39,80709664
18,14	39,91570572
18,16	40,02453248
18,18	40,13357716
18,2	40,24284
18,22	40,35232124
18,24	40,46202112
18,26	40,57193988
18,28	40,68207776
18,3	40,792435
18,32	40,90301184
18,34	41,01380852
18,36	41,12482528
18,38	41,23606236
18,4	41,34752
18,42	41,45919844
18,44	41,57109792
18,46	41,68321868
18,48	41,79556096
18,5	41,908125
18,52	42,02091104
18,54	42,13391932
18,56	42,24715008
18,58	42,36060356
18,6	42,47428
18,62	42,58817964
18,64	42,70230272
18,66	42,81664948
18,68	42,93122016
18,7	43,046015
18,72	43,16103424
18,74	43,27627812
18,76	43,39174688
18,78	43,50744076
18,8	43,62336
18,82	43,73950484
18,84	43,85587552
18,86	43,97247228
18,88	44,08929536
18,9	44,206345
18,92	44,32362144
18,94	44,44112492
18,96	44,55885568
18,98	44,67681396
19	44,795
19,02	44,91341404
19,04	45,03205632
19,06	45,15092708
19,08	45,27002656
19,1	45,389355
19,12	45,50891264
19,14	45,62869972
19,16	45,74871648
19,18	45,86896316
19,2	45,98944
19,22	46,11014724
19,24	46,23108512
19,26	46,35225388
19,28	46,47365376
19,3	46,595285
19,32	46,71714784
19,34	46,83924252
19,36	46,96156928
19,38	47,08412836
19,4	47,20692
19,42	47,32994444
19,44	47,45320192
19,46	47,57669268
19,48	47,70041696
19,5	47,824375
19,52	47,94856704
19,54	48,07299332
19,56	48,19765408
19,58	48,32254956
19,6	48,44768
19,62	48,57304564
19,64	48,69864672
19,66	48,82448348
19,68	48,95055616
19,7	49,076865
19,72	49,20341024
19,74	49,33019212
19,76	49,45721088
19,78	49,58446676
19,8	49,71196
19,82	49,83969084
19,84	49,96765952
19,86	50,09586628
19,88	50,22431136
19,9	50,352995
19,92	50,48191744
19,94	50,61107892
19,96	50,74047968
19,98	50,87011996
20	51
