0.00       0.00
0,02	0,8996
0,04	0,8988
0,06	0,898
0,08	0,8972
0,1	0,8964
0,12	0,8956
0,14	0,8948
0,16	0,894
0,18	0,8932
0,2	0,8924
0,22	0,8916
0,24	0,8908
0,26	0,89
0,28	0,8892
0,3	0,8884
0,32	0,8876
0,34	0,8868
0,36	0,886
0,38	0,8852
0,4	0,8844
0,42	0,8836
0,44	0,8828
0,46	0,882
0,48	0,8812
0,5	0,8804
0,52	0,8796
0,54	0,8788
0,56	0,878
0,58	0,8772
0,6	0,8764
0,62	0,8756
0,64	0,8748
0,66	0,874
0,68	0,8732
0,7	0,8724
0,72	0,8716
0,74	0,8708
0,76	0,87
0,78	0,8692
0,8	0,8684
0,82	0,8676
0,84	0,8668
0,86	0,866
0,88	0,8652
0,9	0,8644
0,92	0,8636
0,94	0,8628
0,96	0,862
0,98	0,8612
1	0,8604
1,02	0,8596
1,04	0,8588
1,06	0,858
1,08	0,8572
1,1	0,8564
1,12	0,8556
1,14	0,8548
1,16	0,854
1,18	0,8532
1,2	0,8524
1,22	0,8516
1,24	0,8508
1,26	0,85
1,28	0,8492
1,3	0,8484
1,32	0,8476
1,34	0,8468
1,36	0,846
1,38	0,8452
1,4	0,8444
1,42	0,8436
1,44	0,8428
1,46	0,842
1,48	0,8412
1,5	0,8404
1,52	0,8396
1,54	0,8388
1,56	0,838
1,58	0,8372
1,6	0,8364
1,62	0,8356
1,64	0,8348
1,66	0,834
1,68	0,8332
1,7	0,8324
1,72	0,8316
1,74	0,8308
1,76	0,83
1,78	0,8292
1,8	0,8284
1,82	0,8276
1,84	0,8268
1,86	0,826
1,88	0,8252
1,9	0,8244
1,92	0,8236
1,94	0,8228
1,96	0,822
1,98	0,8212
2	0,8204
2,02	0,8196
2,04	0,8188
2,06	0,818
2,08	0,8172
2,1	0,8164
2,12	0,8156
2,14	0,8148
2,16	0,814
2,18	0,8132
2,2	0,8124
2,22	0,8116
2,24	0,8108
2,26	0,81
2,28	0,8092
2,3	0,8084
2,32	0,8076
2,34	0,8068
2,36	0,806
2,38	0,8052
2,4	0,8044
2,42	0,8036
2,44	0,8028
2,46	0,802
2,48	0,8012
2,5	0,8004
2,52	0,7996
2,54	0,7988
2,56	0,798
2,58	0,7972
2,6	0,7964
2,62	0,7956
2,64	0,7948
2,66	0,794
2,68	0,7932
2,7	0,7924
2,72	0,7916
2,74	0,7908
2,76	0,79
2,78	0,7892
2,8	0,7884
2,82	0,7876
2,84	0,7868
2,86	0,786
2,88	0,7852
2,9	0,7844
2,92	0,7836
2,94	0,7828
2,96	0,782
2,98	0,7812
3	0,7804
3,02	0,7796
3,04	0,7788
3,06	0,778
3,08	0,7772
3,1	0,7764
3,12	0,7756
3,14	0,7748
3,16	0,774
3,18	0,7732
3,2	0,7724
3,22	0,7716
3,24	0,7708
3,26	0,77
3,28	0,7692
3,3	0,7684
3,32	0,7676
3,34	0,7668
3,36	0,766
3,38	0,7652
3,4	0,7644
3,42	0,7636
3,44	0,7628
3,46	0,762
3,48	0,7612
3,5	0,7604
3,52	0,7596
3,54	0,7588
3,56	0,758
3,58	0,7572
3,6	0,7564
3,62	0,7556
3,64	0,7548
3,66	0,754
3,68	0,7532
3,7	0,7524
3,72	0,7516
3,74	0,7508
3,76	0,75
3,78	0,7492
3,8	0,7484
3,82	0,7476
3,84	0,7468
3,86	0,746
3,88	0,7452
3,9	0,7444
3,92	0,7436
3,94	0,7428
3,96	0,742
3,98	0,7412
4	0,7404
4,02	0,7396
4,04	0,7388
4,06	0,738
4,08	0,7372
4,1	0,7364
4,12	0,7356
4,14	0,7348
4,16	0,734
4,18	0,7332
4,2	0,7324
4,22	0,7316
4,24	0,7308
4,26	0,73
4,28	0,7292
4,3	0,7284
4,32	0,7276
4,34	0,7268
4,36	0,726
4,38	0,7252
4,4	0,7244
4,42	0,7236
4,44	0,7228
4,46	0,722
4,48	0,7212
4,5	0,7204
4,52	0,7196
4,54	0,7188
4,56	0,718
4,58	0,7172
4,6	0,7164
4,62	0,7156
4,64	0,7148
4,66	0,714
4,68	0,7132
4,7	0,7124
4,72	0,7116
4,74	0,7108
4,76	0,71
4,78	0,7092
4,8	0,7084
4,82	0,7076
4,84	0,7068
4,86	0,706
4,88	0,7052
4,9	0,7044
4,92	0,7036
4,94	0,7028
4,96	0,702
4,98	0,7012
5	0,7004
5,02	0,6996
5,04	0,6988
5,06	0,698
5,08	0,6972
5,1	0,6964
5,12	0,6956
5,14	0,6948
5,16	0,694
5,18	0,6932
5,2	0,6924
5,22	0,6916
5,24	0,6908
5,26	0,69
5,28	0,6892
5,3	0,6884
5,32	0,6876
5,34	0,6868
5,36	0,686
5,38	0,6852
5,4	0,6844
5,42	0,6836
5,44	0,6828
5,46	0,682
5,48	0,6812
5,5	0,6804
5,52	0,6796
5,54	0,6788
5,56	0,678
5,58	0,6772
5,6	0,6764
5,62	0,6756
5,64	0,6748
5,66	0,674
5,68	0,6732
5,7	0,6724
5,72	0,6716
5,74	0,6708
5,76	0,67
5,78	0,6692
5,8	0,6684
5,82	0,6676
5,84	0,6668
5,86	0,666
5,88	0,6652
5,9	0,6644
5,92	0,6636
5,94	0,6628
5,96	0,662
5,98	0,6612
6	0,6604
6,02	0,6596
6,04	0,6588
6,06	0,658
6,08	0,6572
6,1	0,6564
6,12	0,6556
6,14	0,6548
6,16	0,654
6,18	0,6532
6,2	0,6524
6,22	0,6516
6,24	0,6508
6,26	0,65
6,28	0,6492
6,3	0,6484
6,32	0,6476
6,34	0,6468
6,36	0,646
6,38	0,6452
6,4	0,6444
6,42	0,6436
6,44	0,6428
6,46	0,642
6,48	0,6412
6,5	0,6404
6,52	0,6396
6,54	0,6388
6,56	0,638
6,58	0,6372
6,6	0,6364
6,62	0,6356
6,64	0,6348
6,66	0,634
6,68	0,6332
6,7	0,6324
6,72	0,6316
6,74	0,6308
6,76	0,63
6,78	0,6292
6,8	0,6284
6,82	0,6276
6,84	0,6268
6,86	0,626
6,88	0,6252
6,9	0,6244
6,92	0,6236
6,94	0,6228
6,96	0,622
6,98	0,6212
7	0,6204
7,02	0,6196
7,04	0,6188
7,06	0,618
7,08	0,6172
7,1	0,6164
7,12	0,6156
7,14	0,6148
7,16	0,614
7,18	0,6132
7,2	0,6124
7,22	0,6116
7,24	0,6108
7,26	0,61
7,28	0,6092
7,3	0,6084
7,32	0,6076
7,34	0,6068
7,36	0,606
7,38	0,6052
7,4	0,6044
7,42	0,6036
7,44	0,6028
7,46	0,602
7,48	0,6012
7,5	0,6004
7,52	0,5996
7,54	0,5988
7,56	0,598
7,58	0,5972
7,6	0,5964
7,62	0,5956
7,64	0,5948
7,66	0,594
7,68	0,5932
7,7	0,5924
7,72	0,5916
7,74	0,5908
7,76	0,59
7,78	0,5892
7,8	0,5884
7,82	0,5876
7,84	0,5868
7,86	0,586
7,88	0,5852
7,9	0,5844
7,92	0,5836
7,94	0,5828
7,96	0,582
7,98	0,5812
8	0,5804
8,02	0,5796
8,04	0,5788
8,06	0,578
8,08	0,5772
8,1	0,5764
8,12	0,5756
8,14	0,5748
8,16	0,574
8,18	0,5732
8,2	0,5724
8,22	0,5716
8,24	0,5708
8,26	0,57
8,28	0,5692
8,3	0,5684
8,32	0,5676
8,34	0,5668
8,36	0,566
8,38	0,5652
8,4	0,5644
8,42	0,5636
8,44	0,5628
8,46	0,562
8,48	0,5612
8,5	0,5604
8,52	0,5596
8,54	0,5588
8,56	0,558
8,58	0,5572
8,6	0,5564
8,62	0,5556
8,64	0,5548
8,66	0,554
8,68	0,5532
8,7	0,5524
8,72	0,5516
8,74	0,5508
8,76	0,55
8,78	0,5492
8,8	0,5484
8,82	0,5476
8,84	0,5468
8,86	0,546
8,88	0,5452
8,9	0,5444
8,92	0,5436
8,94	0,5428
8,96	0,542
8,98	0,5412
9	0,5404
9,02	0,5396
9,04	0,5388
9,06	0,538
9,08	0,5372
9,1	0,5364
9,12	0,5356
9,14	0,5348
9,16	0,534
9,18	0,5332
9,2	0,5324
9,22	0,5316
9,24	0,5308
9,26	0,53
9,28	0,5292
9,3	0,5284
9,32	0,5276
9,34	0,5268
9,36	0,526
9,38	0,5252
9,4	0,5244
9,42	0,5236
9,44	0,5228
9,46	0,522
9,48	0,5212
9,5	0,5204
9,52	0,5196
9,54	0,5188
9,56	0,518
9,58	0,5172
9,6	0,5164
9,62	0,5156
9,64	0,5148
9,66	0,514
9,68	0,5132
9,7	0,5124
9,72	0,5116
9,74	0,5108
9,76	0,51
9,78	0,5092
9,8	0,5084
9,82	0,5076
9,84	0,5068
9,86	0,506
9,88	0,5052
9,9	0,5044
9,92	0,5036
9,94	0,5028
9,96	0,502
9,98	0,5012
10	0,5004
10,02	0,4996
10,04	0,4988
10,06	0,498
10,08	0,4972
10,1	0,4964
10,12	0,4956
10,14	0,4948
10,16	0,494
10,18	0,4932
10,2	0,4924
10,22	0,4916
10,24	0,4908
10,26	0,49
10,28	0,4892
10,3	0,4884
10,32	0,4876
10,34	0,4868
10,36	0,486
10,38	0,4852
10,4	0,4844
10,42	0,4836
10,44	0,4828
10,46	0,482
10,48	0,4812
10,5	0,4804
10,52	0,4796
10,54	0,4788
10,56	0,478
10,58	0,4772
10,6	0,4764
10,62	0,4756
10,64	0,4748
10,66	0,474
10,68	0,4732
10,7	0,4724
10,72	0,4716
10,74	0,4708
10,76	0,47
10,78	0,4692
10,8	0,4684
10,82	0,4676
10,84	0,4668
10,86	0,466
10,88	0,4652
10,9	0,4644
10,92	0,4636
10,94	0,4628
10,96	0,462
10,98	0,4612
11	0,4604
11,02	0,4596
11,04	0,4588
11,06	0,458
11,08	0,4572
11,1	0,4564
11,12	0,4556
11,14	0,4548
11,16	0,454
11,18	0,4532
11,2	0,4524
11,22	0,4516
11,24	0,4508
11,26	0,45
11,28	0,4492
11,3	0,4484
11,32	0,4476
11,34	0,4468
11,36	0,446
11,38	0,4452
11,4	0,4444
11,42	0,4436
11,44	0,4428
11,46	0,442
11,48	0,4412
11,5	0,4404
11,52	0,4396
11,54	0,4388
11,56	0,438
11,58	0,4372
11,6	0,4364
11,62	0,4356
11,64	0,4348
11,66	0,434
11,68	0,4332
11,7	0,4324
11,72	0,4316
11,74	0,4308
11,76	0,43
11,78	0,4292
11,8	0,4284
11,82	0,4276
11,84	0,4268
11,86	0,426
11,88	0,4252
11,9	0,4244
11,92	0,4236
11,94	0,4228
11,96	0,422
11,98	0,4212
12	0,4204
12,02	0,4196
12,04	0,4188
12,06	0,418
12,08	0,4172
12,1	0,4164
12,12	0,4156
12,14	0,4148
12,16	0,414
12,18	0,4132
12,2	0,4124
12,22	0,4116
12,24	0,4108
12,26	0,41
12,28	0,4092
12,3	0,4084
12,32	0,4076
12,34	0,4068
12,36	0,406
12,38	0,4052
12,4	0,4044
12,42	0,4036
12,44	0,4028
12,46	0,402
12,48	0,4012
12,5	0,4004
12,52	0,3996
12,54	0,3988
12,56	0,398
12,58	0,3972
12,6	0,3964
12,62	0,3956
12,64	0,3948
12,66	0,394
12,68	0,3932
12,7	0,3924
12,72	0,3916
12,74	0,3908
12,76	0,39
12,78	0,3892
12,8	0,3884
12,82	0,3876
12,84	0,3868
12,86	0,386
12,88	0,3852
12,9	0,3844
12,92	0,3836
12,94	0,3828
12,96	0,382
12,98	0,3812
13	0,3804
13,02	0,3796
13,04	0,3788
13,06	0,378
13,08	0,3772
13,1	0,3764
13,12	0,3756
13,14	0,3748
13,16	0,374
13,18	0,3732
13,2	0,3724
13,22	0,3716
13,24	0,3708
13,26	0,37
13,28	0,3692
13,3	0,3684
13,32	0,3676
13,34	0,3668
13,36	0,366
13,38	0,3652
13,4	0,3644
13,42	0,3636
13,44	0,3628
13,46	0,362
13,48	0,3612
13,5	0,3604
13,52	0,3596
13,54	0,3588
13,56	0,358
13,58	0,3572
13,6	0,3564
13,62	0,3556
13,64	0,3548
13,66	0,354
13,68	0,3532
13,7	0,3524
13,72	0,3516
13,74	0,3508
13,76	0,35
13,78	0,3492
13,8	0,3484
13,82	0,3476
13,84	0,3468
13,86	0,346
13,88	0,3452
13,9	0,3444
13,92	0,3436
13,94	0,3428
13,96	0,342
13,98	0,3412
14	0,3404
14,02	0,3396
14,04	0,3388
14,06	0,338
14,08	0,3372
14,1	0,3364
14,12	0,3356
14,14	0,3348
14,16	0,334
14,18	0,3332
14,2	0,3324
14,22	0,3316
14,24	0,3308
14,26	0,33
14,28	0,3292
14,3	0,3284
14,32	0,3276
14,34	0,3268
14,36	0,326
14,38	0,3252
14,4	0,3244
14,42	0,3236
14,44	0,3228
14,46	0,322
14,48	0,3212
14,5	0,3204
14,52	0,3196
14,54	0,3188
14,56	0,318
14,58	0,3172
14,6	0,3164
14,62	0,3156
14,64	0,3148
14,66	0,314
14,68	0,3132
14,7	0,3124
14,72	0,3116
14,74	0,3108
14,76	0,31
14,78	0,3092
14,8	0,3084
14,82	0,3076
14,84	0,3068
14,86	0,306
14,88	0,3052
14,9	0,3044
14,92	0,3036
14,94	0,3028
14,96	0,302
14,98	0,3012
15	0,3004
15,02	0,2996
15,04	0,2988
15,06	0,298
15,08	0,2972
15,1	0,2964
15,12	0,2956
15,14	0,2948
15,16	0,294
15,18	0,2932
15,2	0,2924
15,22	0,2916
15,24	0,2908
15,26	0,29
15,28	0,2892
15,3	0,2884
15,32	0,2876
15,34	0,2868
15,36	0,286
15,38	0,2852
15,4	0,2844
15,42	0,2836
15,44	0,2828
15,46	0,282
15,48	0,2812
15,5	0,2804
15,52	0,2796
15,54	0,2788
15,56	0,278
15,58	0,2772
15,6	0,2764
15,62	0,2756
15,64	0,2748
15,66	0,274
15,68	0,2732
15,7	0,2724
15,72	0,2716
15,74	0,2708
15,76	0,27
15,78	0,2692
15,8	0,2684
15,82	0,2676
15,84	0,2668
15,86	0,266
15,88	0,2652
15,9	0,2644
15,92	0,2636
15,94	0,2628
15,96	0,262
15,98	0,2612
16	0,2604
16,02	0,2596
16,04	0,2588
16,06	0,258
16,08	0,2572
16,1	0,2564
16,12	0,2556
16,14	0,2548
16,16	0,254
16,18	0,2532
16,2	0,2524
16,22	0,2516
16,24	0,2508
16,26	0,25
16,28	0,2492
16,3	0,2484
16,32	0,2476
16,34	0,2468
16,36	0,246
16,38	0,2452
16,4	0,2444
16,42	0,2436
16,44	0,2428
16,46	0,242
16,48	0,2412
16,5	0,2404
16,52	0,2396
16,54	0,2388
16,56	0,238
16,58	0,2372
16,6	0,2364
16,62	0,2356
16,64	0,2348
16,66	0,234
16,68	0,2332
16,7	0,2324
16,72	0,2316
16,74	0,2308
16,76	0,23
16,78	0,2292
16,8	0,2284
16,82	0,2276
16,84	0,2268
16,86	0,226
16,88	0,2252
16,9	0,2244
16,92	0,2236
16,94	0,2228
16,96	0,222
16,98	0,2212
17	0,2204
17,02	0,2196
17,04	0,2188
17,06	0,218
17,08	0,2172
17,1	0,2164
17,12	0,2156
17,14	0,2148
17,16	0,214
17,18	0,2132
17,2	0,2124
17,22	0,2116
17,24	0,2108
17,26	0,21
17,28	0,2092
17,3	0,2084
17,32	0,2076
17,34	0,2068
17,36	0,206
17,38	0,2052
17,4	0,2044
17,42	0,2036
17,44	0,2028
17,46	0,202
17,48	0,2012
17,5	0,2004
17,52	0,1996
17,54	0,1988
17,56	0,198
17,58	0,1972
17,6	0,1964
17,62	0,1956
17,64	0,1948
17,66	0,194
17,68	0,1932
17,7	0,1924
17,72	0,1916
17,74	0,1908
17,76	0,19
17,78	0,1892
17,8	0,1884
17,82	0,1876
17,84	0,1868
17,86	0,186
17,88	0,1852
17,9	0,1844
17,92	0,1836
17,94	0,1828
17,96	0,182
17,98	0,1812
18	0,1804
18,02	0,1796
18,04	0,1788
18,06	0,178
18,08	0,1772
18,1	0,1764
18,12	0,1756
18,14	0,1748
18,16	0,174
18,18	0,1732
18,2	0,1724
18,22	0,1716
18,24	0,1708
18,26	0,17
18,28	0,1692
18,3	0,1684
18,32	0,1676
18,34	0,1668
18,36	0,166
18,38	0,1652
18,4	0,1644
18,42	0,1636
18,44	0,1628
18,46	0,162
18,48	0,1612
18,5	0,1604
18,52	0,1596
18,54	0,1588
18,56	0,158
18,58	0,1572
18,6	0,1564
18,62	0,1556
18,64	0,1548
18,66	0,154
18,68	0,1532
18,7	0,1524
18,72	0,1516
18,74	0,1508
18,76	0,15
18,78	0,1492
18,8	0,1484
18,82	0,1476
18,84	0,1468
18,86	0,146
18,88	0,1452
18,9	0,1444
18,92	0,1436
18,94	0,1428
18,96	0,142
18,98	0,1412
19	0,1404
19,02	0,1396
19,04	0,1388
19,06	0,138
19,08	0,1372
19,1	0,1364
19,12	0,1356
19,14	0,1348
19,16	0,134
19,18	0,1332
19,2	0,1324
19,22	0,1316
19,24	0,1308
19,26	0,13
19,28	0,1292
19,3	0,1284
19,32	0,1276
19,34	0,1268
19,36	0,126
19,38	0,1252
19,4	0,1244
19,42	0,1236
19,44	0,1228
19,46	0,122
19,48	0,1212
19,5	0,1204
19,52	0,1196
19,54	0,1188
19,56	0,118
19,58	0,1172
19,6	0,1164
19,62	0,1156
19,64	0,1148
19,66	0,114
19,68	0,1132
19,7	0,1124
19,72	0,1116
19,74	0,1108
19,76	0,11
19,78	0,1092
19,8	0,1084
19,82	0,1076
19,84	0,1068
19,86	0,106
19,88	0,1052
19,9	0,1044
19,92	0,1036
19,94	0,1028
19,96	0,102
19,98	0,1012
20	0,1004
